4
10
18
28
40
54
70
88
108
130
154
180
208
238
270
304
340
378
418
460
504
550
598
648
700
754
810
868
928
990
1054
1120
1188
1258
1330
1404
1480
1558
1638
1720
1804
1890
1978
2068
2160
2254
2350
2448
2548
2650
2754
2860
2968
3078
3190
3304
3420
3538
3658
3780
3904
4030
4158
4288
4420
4554
4690
4828
4968
5110
5254
5400
5548
5698
5850
6004
6160
6318
6478
6640
6804
6970
7138
7308
7480
7654
7830
8008
8188
8370
8554
8740
8928
9118
9310
9504
9700
9898
10098
10300
10504
10710
10918
11128
11340
11554
11770
11988
12208
12430
12654
12880
13108
13338
13570
13804
14040
14278
14518
14760
15004
15250
15498
15748
16000
16254
16510
16768
17028
17290
17554
17820
18088
18358
18630
18904
19180
19458
19738
20020
20304
20590
20878
21168
21460
21754
22050
22348
22648
22950
23254
23560
23868
24178
24490
24804
25120
25438
25758
26080
26404
26730
27058
27388
27720
28054
28390
28728
29068
29410
29754
30100
30448
30798
31150
31504
31860
32218
32578
32940
33304
33670
34038
34408
34780
35154
35530
35908
36288
36670
37054
37440
37828
38218
38610
39004
39400
39798
40198
40600
41004
41410
41818
42228
42640
43054
43470
43888
44308
44730
45154
45580
46008
46438
46870
47304
47740
48178
48618
49060
49504
49950
50398
50848
51300
51754
52210
52668
53128
53590
54054
54520
54988
55458
55930
56404
56880
57358
57838
58320
58804
59290
59778
60268
60760
61254
61750
62248
62748
63250
63754
64260
64768
65278
65790
66304
66820
67338
67858
68380
68904
69430
69958
70488
71020
71554
72090
72628
73168
73710
74254
74800
75348
75898
76450
77004
77560
78118
78678
79240
79804
80370
80938
81508
82080
82654
83230
83808
84388
84970
85554
86140
86728
87318
87910
88504
89100
89698
90298
90900
91504
92110
92718
93328
93940
94554
95170
95788
96408
97030
97654
98280
98908
99538
100170
100804
101440
102078
102718
103360
104004
104650
105298
105948
106600
107254
107910
108568
109228
109890
110554
111220
111888
112558
113230
113904
114580
115258
115938
116620
117304
117990
118678
119368
120060
120754
121450
122148
122848
123550
124254
124960
125668
126378
127090
127804
128520
129238
129958
130680
131404
132130
132858
133588
134320
135054
135790
136528
137268
138010
138754
139500
140248
140998
141750
142504
143260
144018
144778
145540
146304
147070
147838
148608
149380
150154
150930
151708
152488
153270
154054
154840
155628
156418
157210
158004
158800
159598
160398
161200
162004
162810
163618
164428
165240
166054
166870
167688
168508
169330
170154
170980
171808
172638
173470
174304
175140
175978
176818
177660
178504
179350
180198
181048
181900
182754
183610
184468
185328
186190
187054
187920
188788
189658
190530
191404
192280
193158
194038
194920
195804
196690
197578
198468
199360
200254
201150
202048
202948
203850
204754
205660
206568
207478
208390
209304
210220
211138
212058
212980
213904
214830
215758
216688
217620
218554
219490
220428
221368
222310
223254
224200
225148
226098
227050
228004
228960
229918
230878
231840
232804
233770
234738
235708
236680
237654
238630
239608
240588
241570
242554
243540
244528
245518
246510
247504
248500
249498
250498
251500
252504
253510
254518
255528
256540
257554
258570
259588
260608
261630
262654
263680
264708
265738
266770
267804
268840
269878
270918
271960
273004
274050
275098
276148
277200
278254
279310
280368
281428
282490
283554
284620
285688
286758
287830
288904
289980
291058
292138
293220
294304
295390
296478
297568
298660
299754
300850
301948
303048
304150
305254
306360
307468
308578
309690
310804
311920
313038
314158
315280
316404
317530
318658
319788
320920
322054
323190
324328
325468
326610
327754
328900
330048
331198
332350
333504
334660
335818
336978
338140
339304
340470
341638
342808
343980
345154
346330
347508
348688
349870
351054
352240
353428
354618
355810
357004
358200
359398
360598
361800
363004
364210
365418
366628
367840
369054
370270
371488
372708
373930
375154
376380
377608
378838
380070
381304
382540
383778
385018
386260
387504
388750
389998
391248
392500
393754
395010
396268
397528
398790
400054
401320
402588
403858
405130
406404
407680
408958
410238
411520
412804
414090
415378
416668
417960
419254
420550
421848
423148
424450
425754
427060
428368
429678
430990
432304
433620
434938
436258
437580
438904
440230
441558
442888
444220
445554
446890
448228
449568
450910
452254
453600
454948
456298
457650
459004
460360
461718
463078
464440
465804
467170
468538
469908
471280
472654
474030
475408
476788
478170
479554
480940
482328
483718
485110
486504
487900
489298
490698
492100
493504
494910
496318
497728
499140
500554
501970
503388
504808
506230
507654
509080
510508
511938
513370
514804
516240
517678
519118
520560
522004
523450
524898
526348
527800
529254
530710
532168
533628
535090
536554
538020
539488
540958
542430
543904
545380
546858
548338
549820
551304
552790
554278
555768
557260
558754
560250
561748
563248
564750
566254
567760
569268
570778
572290
573804
575320
576838
578358
579880
581404
582930
584458
585988
587520
589054
590590
592128
593668
595210
596754
598300
599848
601398
602950
604504
606060
607618
609178
610740
612304
613870
615438
617008
618580
620154
621730
623308
624888
626470
628054
629640
631228
632818
634410
636004
637600
639198
640798
642400
644004
645610
647218
648828
650440
652054
653670
655288
656908
658530
660154
661780
663408
665038
666670
668304
669940
671578
673218
674860
676504
678150
679798
681448
683100
684754
686410
688068
689728
691390
693054
694720
696388
698058
699730
701404
703080
704758
706438
708120
709804
711490
713178
714868
716560
718254
719950
721648
723348
725050
726754
728460
730168
731878
733590
735304
737020
738738
740458
742180
743904
745630
747358
749088
750820
752554
754290
756028
757768
759510
761254
763000
764748
766498
768250
770004
771760
773518
775278
777040
778804
780570
782338
784108
785880
787654
789430
791208
792988
794770
796554
798340
800128
801918
803710
805504
807300
809098
810898
812700
814504
816310
818118
819928
821740
823554
825370
827188
829008
830830
832654
834480
836308
838138
839970
841804
843640
845478
847318
849160
851004
852850
854698
856548
858400
860254
862110
863968
865828
867690
869554
871420
873288
875158
877030
878904
880780
882658
884538
886420
888304
890190
892078
893968
895860
897754
899650
901548
903448
905350
907254
909160
911068
912978
914890
916804
918720
920638
922558
924480
926404
928330
930258
932188
934120
936054
937990
939928
941868
943810
945754
947700
949648
951598
953550
955504
957460
959418
961378
963340
965304
967270
969238
971208
973180
975154
977130
979108
981088
983070
985054
987040
989028
991018
993010
995004
997000
998998
1000998
1003000
1005004
1007010
1009018
1011028
1013040
1015054
1017070
1019088
1021108
1023130
1025154
1027180
1029208
1031238
1033270
1035304
1037340
1039378
1041418
1043460
1045504
1047550
1049598
1051648
1053700
1055754
1057810
1059868
1061928
1063990
1066054
1068120
1070188
1072258
1074330
1076404
1078480
1080558
1082638
1084720
1086804
1088890
1090978
1093068
1095160
1097254
1099350
1101448
1103548
1105650
1107754
1109860
1111968
1114078
1116190
1118304
1120420
1122538
1124658
1126780
1128904
1131030
1133158
1135288
1137420
1139554
1141690
1143828
1145968
1148110
1150254
1152400
1154548
1156698
1158850
1161004
1163160
1165318
1167478
1169640
1171804
1173970
1176138
1178308
1180480
1182654
1184830
1187008
1189188
1191370
1193554
1195740
1197928
1200118
1202310
1204504
1206700
1208898
1211098
1213300
1215504
1217710
1219918
1222128
1224340
1226554
1228770
1230988
1233208
